1	2	3	4	5	6	7	8	9	10	11	12	13	14	15	16	17	18	19	20	21	22	23	24	25	26	27	28	29	30	31	32	
512m	7236	4678	2998	2179	1667	1444	1104	950	969	907	761	837	808	664	773	674	515	626	614	599	485	506	607	486	484	483	557	562	589	580	583	486	
256m	7452	4886	3212	2308	1802	1528	1154	977	894	840	862	585	719	635	651	589	509	555	267	521	552	537	230	257	522	598	488	521	252	514	476	476	
128m	7343	4759	3135	2246	1762	1396	1191	1049	930	873	793	735	691	696	748	672	591	594	597	571	541	520	562	485	557	431	567	525	514	519	508	495	
64m	7013	4422	3085	2104	1711	1412	1167	1008	902	884	815	812	738	713	730	663	375	419	430	427	430	547	544	588	529	518	534	507	484	522	565	524	
32m	8063	4759	3322	2450	1903	1561	1325	1050	729	684	662	628	609	590	576	515	733	644	602	592	590	649	611	648	654	603	588	640	671	653	632	592	
16m	8008	4904	3536	2618	2050	1685	1380	1140	1110	1000	976	949	822	824	830	733	778	673	643	735	663	776	727	911	1005	1121	1154	1271	1377	1330	1552	636	
8m	8263	5077	3730	2782	2277	1910	1438	1253	1008	974	925	880	843	825	816	649	1127	1260	1815	1965	2191	2302	2186	2419	2450	2495	2501	2592	2561	2583	2589	861	
4m	9924	7469	6163	5003	3652	2814	2500	2252	2544	2634	2577	2596	2522	2531	2508	1993	2681	2706	2691	2707	2681	2732	2699	2722	2712	2701	2699	2711	2725	2703	2716	1424	
2m	10404	7826	6509	5264	4392	3785	3302	2916	2795	2691	2601	2497	2413	2467	2425	1982	2323	2293	2249	2204	2160	2117	2080	2050	2041	2028	2013	2094	2096	2066	2085	1633	
1024k	11157	8535	7244	5821	4849	4173	3645	3214	3086	2974	2868	2775	2711	2656	2587	2116	2488	2450	2392	2342	2315	2271	2223	2201	2265	2279	2256	2257	2323	2316	2301	1751	
512k	11892	9096	7462	5997	4995	4319	3748	3321	3194	3075	2981	2904	2927	2908	2987	2194	3086	3060	3091	3301	3252	3862	3703	5782	5958	3553	5274	6804	3518	4273	6550	1875	
256k	13944	11097	10695	10259	9515	8624	7661	7077	6805	6884	6698	6709	6521	6529	6501	5289	6430	6530	6564	6906	6461	6540	6513	6767	6773	6505	6413	6457	6598	6314	6209	4633	
128k	13926	11233	10955	10702	9811	8902	7974	7434	7083	7233	7283	7176	7031	7007	7024	5785	7009	6934	7010	7201	7076	5840	5564	6277	7008	5741	8730	6048	7017	12204	13380	3977	
64k	13985	11222	10912	10793	9915	9225	8359	7474	7281	6927	7092	7440	7021	6904	11937	10396	14173	14000	14252	14000	13929	15840	15654	14837	14245	14157	11668	13295	12145	14959	15319	3580	
32k	16126	15634	15044	15227	14961	14921	14015	14027	14219	14368	16363	15167	13404	13448	15600	14222	15540	14000	13262	15167	13684	14047	14240	13382	12596	14318	11892	13000	11290	13317	15544	10039	
16k	16126	15457	15169	15059	14891	14219	13765	14841	15167	14891	14890	14521	13696	13295	14368	10240	10943	13382	11342	12409	13000	13286	13185	12179	11696	10161	9469	10446	9400	13000	9429	7758
